19.4
33.1
83.05
30.31
67.91
42.69
24.28
47.67
62.19
31.24
67.86
53.22
37.83
64.59
95.06
93.28
78.75
33.97
26.48
23.68
73.94
37.22
31.04
14.05
99.38
11.58
83.35
32.4
21.13
35.38
55.26
78.27
60.12
7.32
67.37
85.32
51.05
95.41
18.4
25.75
2.28
18.69
32.84
78
73.01
45.46
64.89
58.82
88.52
32.47
92.55
37.25
76.79
82.39
56.45
45.41
86.39
32.17
84.6
44.72
29.91
97.86
89.27
42.14
18.83
5.67
10.86
87.18
99.27
4.58
71.8
80.07
52.96
46.54
47.82
69.68
36.73
34.29
45.46
81.1
23.83
98.53
31.68
68.4
30.42
47.37
36.93
3.22
56.17
37.28
28.01
75.63
29.66
95.57
67.74
34.47
82.71
4.94
45.21
6.17
17.79
23.5
12.43
97.81
82.91
78.5
42.51
38.46
12.12
1.39
86.42
78.17
10.31
65.93
12.59
53.13
76.13
72.52
62.15
62.38
32.49
80.72
77.19
93.14
74.46
80.48
31.8
82.45
54.01
77.17
66.29
53.45
37.16
30.12
26.13
71.98
74.72
29.97
89.7
16.39
86.53
41.21
39.15
94.23
87.15
8.75
37.6
28.6
17.17
6.84
44.51
51.39
64.36
67.49
52.42
21.87
6.4
86.46
27.03
84.93
63.35
64.08
29.2
50.55
77.54
94.03
21.27
8.2
34.63
43.82
8.01
38.64
1.03
94.23
6.98
13.72
44.38
74.67
96.55
77.6
82.99
99.52
3.83
17.82
71.08
52.56
87.74
91.98
83.41
88.39
26.72
18.7
77.1
20.83
69.87
28.3
93.77
38.29
29.47
88.5
13.89
24.66
94.96
99.49
92.86
56.89
13.64
60.08
48.71
4.15
34.21
40.17
19.6
76.69
59.34
43.14
13.41
26.92
43.38
40.59
59.68
35.09
77.59
57.14
79.94
45.67
49.33
70.16
80.73
39.42
59.54
85.22
88.33
3.68
90.71
93.05
95.55
60.48
8.76
57.95
97.13
71.05
25.65
76.13
53.96
7.86
45.61
72.29
84.95
33.19
39.63
79.24
44.06
47.43
98.26
96.49
19.49
11.59
47.28
71.2
100
47.37
34.25
38.84
15.57
78.42
25.56
16.94
75.15
94.42
48.27
89.29
69.27
22.88
24.91
8.13
65.71
19.43
54.33
23.29
29.96
22.17
68.46
20.88
54.94
84.68
41.55
59.83
8.79
71.84
87.22
42.88
53.13
27.7
91.97
72.3
41.32
29.73
82.61
37.04
73.85
76.25
56.78
98.84
85.64
61.59
87.99
52.71
2.31
9.56
36.64
92.83
89.91
91.43
49.96
67.08
97.18
99.19
97.66
98.38
25.33
97
7.46
27.09
13.48
73.15
50.64
70.09
3.14
31.27
18.44
65.08
19.4
52.96
18.23
63.78
59.63
76.31
21.46
59.8
26.2
43.4
95.98
10.32
18.26
6.14
74.29
51.64
5.31
7.29
60.72
19.05
97.03
49.2
69.72
55.63
62.77
20.78
60.29
82.11
82.49
85
2.91
92.13
22.19
36.5
37.32
6.01
95.13
93.26
21.32
93.85
4.54
46.51
4.26
12.04
49.02
75.76
60.01
54.09
64.55
16.73
81.9
88.5
74.72
93.28
39.91
68.07
54.01
7.11
42.44
27.64
44.52
69.71
81.81
8.82
60.46
77.73
18.02
2.38
44.79
73.3
60.17
42.67
6.1
76.02
44.02
35.51
91.61
36.59
2.32
19.16
74.15
57.94
37.89
97.08
60.41
16.05
29.31
31.45
65.79
92.43
6.77
11.45
3.75
55.18
85.95
58.74
33.28
79.48
84.68
61.04
95.86
69.98
72.28
92.38
73.95
78.81
78.3
98.28
11.87
20.06
66.52
69.5
58.81
90.92
85.66
37.83
17.62
73.74
94.87
29.56
54.26
58.42
95.58
51.73
87.07
43.61
51.39
35.52
56.8
54.57
69.34
86.88
100
9.26
82.66
5.83
96.74
85.44
84.54
2.17
61.85
26.47
27.8
31.77
5.51
49.38
85.5
68.28
5.14
77.75
74.37
24.67
74.81
86.45
2.34
77.92
26.97
69.02
68.09
49.09
81.31
56.69
85.62
12.76
79.49
83.67
85.66
62.06
83.14
22.34
76.33
25.74
3.33
34.11
83.68
35.02
88.1
61.5
60.48
49.56
62.63
84.9
6.63
36.2
47.85
38.24
90.17
83.43
59.15
55.17
51.17
82.29
37.14
74.93
37.74
83.3
17.56
71.47
19.1
82.74
75.98
25.01
96.51
32.22
13.65
29.71
45.84
88.87
62.39
13.35
55.7
39.09
2.53
57.41
62.39
36.75
44.93
40.98
92.55
15.26
6.08
89.57
24
2.36
67.24
52.89
56.98
70.14
25.33
1.45
53.62
74.45
5.51
92.14
5.43
14.34
63.35
89.75
64.76
23.77
77.78
14.91
86.39
49.44
20.7
94.34
42.89
25.16
38.01
69.08
10.1
2.13
23.03
23
51.23
62.66
40.26
60.19
93.9
25.93
48.05
73.98
14.16
78.14
43.11
95.71
2.84
73.32
36.89
56.73
40.07
75.47
66.13
17.16
38.41
30.55
72.35
89.82
99.45
3.75
6.79
8.09
23.68
84.55
18.96
47.4
31.84
94.44
11.1
89.83
71.64
60.33
78.53
59.23
1.71
38.9
98.12
47.39
87.74
38.52
51.07
75.22
13.02
4.97
87.52
39.9
52.71
6.81
84.64
84.89
93.23
87.76
59.31
3.87
94.1
7.9
98.27
34.54
73.23
64.25
17.71
20.29
42.28
54.08
8.54
60.59
5.85
97.37
21.99
17.59
5.45
2.15
86.38
53.56
73.96
88.78
7.52
20.21
78.31
82.7
35.39
86.49
93.8
32.59
39.74
52.43
53.7
83.68
10.09
62.5
75.9
80.19
84.7
5.42
93.12
38.93
67.92
51.6
36.7
34.4
51.6
2.11
11.72
57
50.82
47.03
52.17
18.74
33.62
90.51
80.82
34.89
39.37
95.26
16.01
6.06
36.76
91.92
53.88
94.74
7.84
14.24
74.27
15.57
35.66
38.05
56.98
6
40.06
3.49
90.02
78.05
83.4
61.58
73.31
5.87
84.65
14.62
37.46
13.81
33.51
78.25
59.8
90.17
4.17
43.93
99.46
3.71
95.3
98.52
23.15
77.89
74.41
75.91
34.34
46.25
4.47
70.01
54.05
71.29
57.94
73.4
97.31
39.83
94.42
10.88
35.63
59.78
25.36
17.81
10.65
43.94
72.94
40.16
9.8
71.5
49.43
90.95
13.16
19.86
6.32
68.1
90.58
67.4
11.55
35.32
6.38
93
57.32
41.89
46.85
46.83
23.09
77.97
20.26
40.38
20.7
41.23
46.08
10.07
27.16
74.86
31.2
79.96
68.7
92.95
4.41
16.58
66.83
58.43
12.28
49.4
73.21
91.89
19.38
99.37
67.83
9.41
41.12
48.79
70.37
46.06
89.3
34.66
37.89
51.66
91.85
60.97
77.42
42.41
19.81
79.84
59.48
67.25
86.3
46.26
61.34
56.81
48.53
56.75
45.02
55.1
90.19
52.26
11.47
29.12
10.2
48.53
73.03
78.01
82.55
19.25
11.95
52.15
44.29
26.46
71.49
26.37
8.83
56
34.86
97.94
90.58
67.71
23.26
24.21
55.98
47.64
81.67
39.74
45.71
76.31
66.01
85.68
68.06
63.06
81.8
44.96
48.46
19.56
57.48
1.25
17.45
5.14
93.35
80.07
64.42
98.36
54.42
92.14
30.09
17.81
26.36
26.37
53.05
46.42
31.18
97.37
28.33
45.35
47.5
24.81
55.95
99.02
48.04
38.55
98.98
44.51
39.42
34.02
97.83
81.97
61.8
54.35
55.63
1.23
81.4
57.37
50.31
26.93
87.09
1.45
72.02
8.73
5.8
65.03
51.96
7.92
8.08
57.76
91.54
80.46
53.68
43.08
6.38
89.6
41.33
11.97
55.02
21.78
43.74
13.09
82.04
35.19
38.36
32.65
69.82
96.12
33.36
41.33
67.92
76.21
10.09
38.87
95.44
74.35
18.88
73.05
43.77
57.75
52.23
93.85
55.79
30.27
60.36
71.1
18.03
75.54
83.48
39.93
98.03
66.58
31.79
33.86
83.86
25.07
26.9
87.22
59.85
37.33
99.48
22.17
58.22
35.47
97.66
56.59
14.59
4.03
38.8
78.54
94.4
62.69
43.12
87.26
11.51
6.57
74.71
18.54
10.18
7.24
38.83
25.43
85.13
17.38
13.75
34.02
60.5
21.13
